# This matrix is the distance matrix calcultaed from the latitude and longitude
# of the collection Site (i.e. population). The diagonal was 0, and I subsitutied
# it for 1 in vim. I plan to use this matrix as the variance-covariance matrix 
# for the pop_code grouping factor in the multiple regression model. Using this matrix
# as a subtitute for the vcv matrix may not strictly be the best statistical idea, 
# but it may also be fine.
#
# KCF
# 04/24/21
	V1	V2	V3	V4	V5	V6	V7	V8	V9	V10	V11	V12	V13	V14
TX1	1.000000	2.150720	4.965711	5.792302	6.968646	12.350162	10.656700	10.403874	15.994839	15.633036	15.970414	19.008176	19.695063	19.638014
TX3	2.150720	1.000000	3.962861	4.358791	5.286382	11.037686	9.992329	10.241905	16.402510	15.607677	15.606690	18.882543	19.977684	19.613774
TX4	4.965711	3.962861	1.000000	1.308350	2.712248	7.390560	6.035697	6.536043	13.093216	11.901469	11.706824	15.081090	16.483266	15.871608
TX5	5.792302	4.358791	1.308350	1.000000	1.411176	6.680863	6.071421	7.039691	13.777045	12.307354	11.848633	15.354358	17.025960	16.208710
OK1	6.968646	5.286382	2.712248	1.411176	1.000000	5.947429	6.218020	7.622508	14.440199	12.690191	11.956475	15.566786	17.516597	16.483362
NE1	12.350162	11.037686	7.390560	6.680863	5.947429	1.000000	3.983866	6.438957	12.179263	9.420604	7.722614	11.385393	14.258520	12.464449
NE2	10.656700	9.992329	6.035697	6.071421	6.218020	3.983866	1.000000	2.457535	8.743040	6.546546	5.782194	9.351219	11.445343	10.267379
WY1	10.403874	10.241905	6.536043	7.039691	7.622508	6.438957	2.457535	1.000000	6.821259	5.377466	5.615980	8.651215	9.988588	9.374113
MT1	15.994839	16.402510	13.093216	13.777045	14.440199	12.179263	8.743040	6.821259	1.000000	3.267347	5.750946	5.150183	3.793982	4.971170
MT2	15.633036	15.607677	11.901469	12.307354	12.690191	9.420604	6.546546	5.377466	3.267347	1.000000	2.486597	3.426808	4.921119	4.013123
ND1	15.970414	15.606690	11.706824	11.848633	11.956475	7.722614	5.782194	5.615980	5.750946	2.486597	1.000000	3.703684	6.688801	4.750107
SAS1	19.008176	18.882543	15.081090	15.354358	15.566786	11.385393	9.351219	8.651215	5.150183	3.426808	3.703684	1.000000	3.788897	1.136645
SAS2	19.695063	19.977684	16.483266	17.025960	17.516597	14.258520	11.445343	9.988588	3.793982	4.921119	6.688801	3.788897	1.000000	2.828129
SAS3	19.638014	19.613774	15.871608	16.208710	16.483362	12.464449	10.267379	9.374113	4.971170	4.013123	4.750107	1.136645	2.828129	1.000000
